0.000000 0.000000 0.000000 0.000000 
0.500000 0.000000 0.000000 -0.416114 
1.000000 0.091965 -0.208057 -0.008012 
1.500000 0.115951 -0.212063 7.081473 
2.000000 0.111383 3.328674 11.819989 
2.500000 0.081582 9.238668 13.237032 
3.000000 0.071505 15.857185 11.628698 
3.500000 0.056203 21.671534 10.194885 
4.000000 0.040420 26.768976 8.435938 
4.500000 0.026987 30.986945 6.512731 
5.000000 0.016712 34.243311 4.704424 
5.500000 0.009452 36.595523 3.185046 
6.000000 0.004674 38.188046 2.013657 
6.500000 0.001761 39.194874 1.173413 
7.000000 0.000145 39.781581 0.609994 
7.500000 -0.000629 40.086578 0.258089 
8.000000 -0.000896 40.215622 0.056371 
8.500000 -0.000888 40.243808 -0.045759 
9.000000 -0.000753 40.220929 -0.086505 
9.500000 -0.000579 40.177676 -0.092689 
10.000000 -0.000413 40.131332 -0.081884 
10.500000 -0.000275 40.090389 -0.064773 
11.000000 -0.000170 40.058003 -0.047252 
11.500000 -0.000096 40.034377 -0.032128 
12.000000 -0.000047 40.018313 -0.020351 
12.500000 -0.000018 40.008137 -0.011869 
13.000000 -0.000001 40.002203 -0.006171 
13.500000 0.000006 39.999117 -0.002610 
14.000000 0.000009 39.997812 -0.000568 
14.500000 0.000009 39.997528 0.000465 
15.000000 0.000008 39.997761 0.000878 
15.500000 0.000006 39.998199 0.000940 
16.000000 0.000004 39.998669 0.000830 
16.500000 0.000003 39.999084 0.000656 
17.000000 0.000002 39.999412 0.000479 
17.500000 0.000001 39.999652 0.000326 
18.000000 0.000000 39.999815 0.000206 
18.500000 0.000000 39.999918 0.000120 
19.000000 0.000000 39.999978 0.000062 
19.500000 -0.000000 40.000009 0.000026 
20.000000 -0.000000 40.000022 0.000006 