Matrix H:
0.039101 0.026207 0.022596 0.018554 0.014361 0.010283 0.006574 0.003474 0.001210 -0.000012 
0.026207 0.034376 0.021482 0.017960 0.014114 0.010241 0.006626 0.003543 0.001250 -0.000006 
0.022596 0.021482 0.029632 0.016812 0.013472 0.009937 0.006523 0.003535 0.001267 0.000001 
0.018554 0.017960 0.016812 0.025019 0.012366 0.009322 0.006233 0.003434 0.001255 0.000010 
0.014361 0.014114 0.013472 0.012366 0.020722 0.008344 0.005723 0.003224 0.001207 0.000020 
0.010283 0.010241 0.009937 0.009322 0.008344 0.016949 0.004959 0.002886 0.001117 0.000032 
0.006574 0.006626 0.006523 0.006233 0.005723 0.004959 0.013904 0.002401 0.000979 0.000046 
0.003474 0.003543 0.003535 0.003434 0.003224 0.002886 0.002401 0.011748 0.000785 0.000062 
0.001210 0.001250 0.001267 0.001255 0.001207 0.001117 0.000979 0.000785 0.010529 0.000080 
-0.000012 -0.000006 0.000001 0.000010 0.000020 0.000032 0.000046 0.000062 0.000080 0.010100 
Matrix F:
3.085937 0.369670 0.065624 0.119369 0.579389 
2.722812 0.302566 0.043641 0.113672 0.526076 
2.308124 0.239552 0.026266 0.104592 0.459459 
1.868103 0.181989 0.013321 0.092156 0.383218 
1.427764 0.131015 0.004497 0.076761 0.301701 
1.010794 0.087550 -0.000667 0.059221 0.219822 
0.639459 0.052300 -0.002794 0.040796 0.142934 
0.334500 0.025755 -0.002689 0.023215 0.076699 
0.115026 0.008191 -0.001347 0.008686 0.026942 
-0.001618 -0.000337 0.000026 -0.000102 -0.000511 
Matrix G:
337.018368 43.928031 9.227019 12.198268 61.648383 
43.928031 8.274159 2.602659 1.282229 7.441845 
9.227019 2.602659 10.868368 0.445128 0.797094 
12.198268 1.282229 0.445128 7.775266 -1.398262 
61.648383 7.441845 0.797094 -1.398262 31.769007 
Matrix Q:
1.000000 0.000000 0.000000 0.000000 0.000000 
0.000000 1.000000 0.000000 0.000000 0.000000 
0.000000 0.000000 1.000000 0.000000 0.000000 
0.000000 0.000000 0.000000 1.000000 0.000000 
0.000000 0.000000 0.000000 0.000000 1.000000 
Matrix R:
0.010000 
Prediction Horizon:10
Constrainsts: lb: -1000.000000 ub: 1000.000000
xss[0]:0.099918
xss[1]:0.000000
xss[2]:217.887429
xss[3]:0.000000
xss[4]:10.000000
uss[0]:1.998357
